104.831 1 41
172.99 14 33
58.749 24 40
158.057 20 79
66.15 31 35
131.08 14 35
120.856 38 63
150 1 14
15 2 2
69.356 12 29
121.601 14 23
50.93 8 17
86.552 21 29
150.993 51 82
82.05 26 74
395.483 34 84
200.555 55 77
98.574 53 62
60.24 46 53
100.48 63 67
62 10 15
81.72 1 6
126.311 11 19
99.2706 1 42
109.11 32 55
120.526 81 96
94.04 5 14
38.97 1 6
102.151 2 18
16.2 9 10
270.129 1 84
32.12 27 36
48.54 29 36
166.815 32 54
53.881 1 20
130.09 51 56
200.625 43 72
327.577 1 73
108.73 11 31
85.865 31 55
80.344 1 47
103.2 5 14
262.85 36 56
80.8 13 18
137.477 4 36
49.98 11 19
143.924 3 52
63.102 21 65
67.86 1 8
187.35 26 57
44.564 12 20
69.21 1 7
63.435 3 10
0.649999 1 1
60.52 1 45
105.29 41 51
11 5 6
8.1 39 41
21 5 22
57.3599 22 58
122.394 18 24
45.78 8 15
146.067 22 71
326.833 22 58
50.94 25 53
80.698 52 86
210.056 13 97
137.852 2 66
112.056 1 29
213.265 17 49
196.251 25 66
61.38 7 23
121.363 17 76
6.8 1 1
107.59 44 48
111.763 1 26
63.46 22 25
77.44 1 5
111.566 24 72
35.947 10 21
164.579 12 22
6.26 1 1
57.37 2 14
259.959 4 28
57.656 22 28
122.98 12 34
4 16 16
64.98 30 64
77.7 2 9
116.287 21 40
76.116 44 55
48.65 1 18
38.95 7 13
114.401 28 54
77.97 34 51
204.675 28 70
145.174 19 69
92.34 49 58
46.28 15 19
154.264 18 48
